# WWW History 2.4
# DAILY COUNTERS for summary period 1-31 Jan 2009
DAY 01/01/2009:	     89      38      34      17      10 1006719
DAY 02/01/2009:	    103      67      12      68      19 796029
DAY 03/01/2009:	     96       6       2       7       7 1034561
DAY 04/01/2009:	    124      82      24      39      15 1204087
DAY 05/01/2009:	     79      65       1      40      25 1078275
DAY 06/01/2009:	    267     234      13      88      42 2897809
DAY 07/01/2009:	    203     143      29      60      16 1853156
DAY 08/01/2009:	    388     142      23      67      59 2218903
DAY 09/01/2009:	    255     152       6      35      21 2019673
DAY 10/01/2009:	     68      18       4      10      14 543498
DAY 11/01/2009:	     81      24       3      16      17 524375
DAY 12/01/2009:	     88      74       2      51      13 889798
DAY 13/01/2009:	    183     134      24      41      17 1472900
DAY 14/01/2009:	    477     171     283      82      15 2528619
DAY 15/01/2009:	    674     292     359     122      31 3129898
DAY 16/01/2009:	     49      20       7      16      13 238607
DAY 17/01/2009:	    121      94       6      43      16 1929525
DAY 18/01/2009:	    226      63     139      32      14 962682
DAY 19/01/2009:	    335     127     167      61      14 1815207
DAY 20/01/2009:	    200     152      29      72      21 1556606
DAY 21/01/2009:	    126      48       0      44      14 1372495
DAY 22/01/2009:	    213     139      19      64      65 1601321
DAY 23/01/2009:	    172     124       9      53      20 1702347
DAY 24/01/2009:	    132      72      18      51      17 867176
DAY 25/01/2009:	    167     140       7      75      18 1816956
DAY 26/01/2009:	    193     123      18      65      21 1650160
DAY 27/01/2009:	    210     150      18      99      20 1728566
DAY 28/01/2009:	    183     130       5      59      27 1812813
DAY 29/01/2009:	    139      53      46      29      11 825381
DAY 30/01/2009:	     48      17       4      12       9 230677
CUR 31/01/2009:	      0       0       0       0       0 0
checksum	   5689    3094    1311    1518     621 43308720

# MONTHLY COUNTERS for the last 12 months
LASTMON: 01/2009
MON 01/2008:	      0       0       0       0       0 0
MON 02/2008:	      0       0       0       0       0 0
MON 03/2008:	      0       0       0       0       0 0
MON 04/2008:	      0       0       0       0       0 0
MON 05/2008:	      0       0       0       0       0 0
MON 06/2008:	      0       0       0       0       0 0
MON 07/2008:	      0       0       0       0       0 0
MON 08/2008:	   3494    2795     158    1500     471 15316494
MON 09/2008:	   4872    2745     648    1216     399 25550492
MON 10/2008:	   3986    2478     766    1414     520 35852800
MON 11/2008:	   3366    2041     702    1287     507 28842638
MON 12/2008:	   2785    1798     443    1043     425 27225674
checksum	  18503   11857    2717    6460    2322 132788098

