# WWW History 2.4
# DAILY COUNTERS for summary period 1-25 Sep 2008
DAY 01/09/2008:	     53      39       1      22      17 535469
DAY 02/09/2008:	    201     114      21      63      13 304997
DAY 03/09/2008:	    208     174      12      79      21 808310
DAY 04/09/2008:	     85      63      14      35       7 151444
DAY 05/09/2008:	    509      60      12      37      23 345029
DAY 06/09/2008:	     53      34       7      26       9 200004
DAY 07/09/2008:	     38      31       0      17       9 76472
DAY 08/09/2008:	     31      28       0      21      14 58009
DAY 09/09/2008:	    112      95       6      48      16 453706
DAY 10/09/2008:	    881     486     151     200      23 3228615
DAY 11/09/2008:	    147      73      71      12       0 863335
DAY 12/09/2008:	    129      89      16      25      17 1118485
DAY 13/09/2008:	     95      73       0      47      14 903281
DAY 14/09/2008:	    323     135      33      73      17 1520789
DAY 15/09/2008:	    127     107       0      32      14 1051457
DAY 16/09/2008:	    134      76      25      40      14 1093840
DAY 17/09/2008:	     85      65       0      20       7 839479
DAY 18/09/2008:	    238     184      31      62      15 2277424
DAY 19/09/2008:	    216     139       9      50      10 1249972
DAY 20/09/2008:	     19       4       0       4       9 42459
DAY 21/09/2008:	     70      56       0      15       9 584455
DAY 22/09/2008:	     86      66       0      22       7 730019
DAY 23/09/2008:	    127     104       0      59      16 1225010
DAY 24/09/2008:	     78      61       0      45       8 861421
CUR 25/09/2008:	      0       0       0       0       0 0
checksum	   4045    2356     409    1054     309 20523468

# MONTHLY COUNTERS for the last 12 months
LASTMON: 09/2008
MON 01/2008:	      0       0       0       0       0 0
MON 02/2008:	      0       0       0       0       0 0
MON 03/2008:	      0       0       0       0       0 0
MON 04/2008:	      0       0       0       0       0 0
MON 05/2008:	      0       0       0       0       0 0
MON 06/2008:	      0       0       0       0       0 0
MON 07/2008:	      0       0       0       0       0 0
MON 08/2008:	   3494    2795     158    1500     471 15316494
MON 09/2007:	      0       0       0       0       0 0
MON 10/2007:	      0       0       0       0       0 0
MON 11/2007:	      0       0       0       0       0 0
MON 12/2007:	      0       0       0       0       0 0
checksum	   3494    2795     158    1500     471 15316494

