# WWW History 2.4
# DAILY COUNTERS for summary period 1-31 Oct 2008
DAY 01/10/2008:	     20       8       0       7       6 203849
DAY 02/10/2008:	     66      32       0      19      17 305020
DAY 03/10/2008:	    347     237      81     109      18 2507497
DAY 04/10/2008:	    143      93      28      43      14 1103790
DAY 05/10/2008:	     50      21      14      32      11 395075
DAY 06/10/2008:	     92      79       1      56      10 909490
DAY 07/10/2008:	     74      53       6      27      13 647834
DAY 08/10/2008:	     88      55      17      24       8 720491
DAY 09/10/2008:	     85      68       3      34      12 738979
DAY 10/10/2008:	    115      78      24      44      12 1250660
DAY 11/10/2008:	     60      38       2      37      11 602372
DAY 12/10/2008:	     53      35       1      18      15 1005361
DAY 13/10/2008:	    237     128      27      60      23 1528032
DAY 14/10/2008:	    180     102      29      58      16 1443926
DAY 15/10/2008:	    161     112      24      71      21 1326884
DAY 16/10/2008:	    112      89       1      32      16 1141897
DAY 17/10/2008:	    173     111      34      61      21 1676018
DAY 18/10/2008:	     98      57      26      38      12 990967
DAY 19/10/2008:	     88      52      25      31      12 751696
DAY 20/10/2008:	     87      70       1      35      26 660839
DAY 21/10/2008:	    206     161      14      78      25 2012919
DAY 22/10/2008:	    126      93       4      71      28 1534619
DAY 23/10/2008:	     89      59       1      44      21 1408990
DAY 24/10/2008:	    111      57      32      37      16 680975
DAY 25/10/2008:	    175     136       9      66      24 2297345
DAY 26/10/2008:	    105      79       0      30      18 1655786
DAY 27/10/2008:	    469     126     311      98      29 1876460
DAY 28/10/2008:	    155     116      19      67      17 1478437
DAY 29/10/2008:	     70      26      24      25      19 990202
DAY 30/10/2008:	     70      42       5      28      16 965461
CUR 31/10/2008:	      2       1       0       1       0 9870
checksum	   3907    2414     763    1381     507 34821728

# MONTHLY COUNTERS for the last 12 months
LASTMON: 10/2008
MON 01/2008:	      0       0       0       0       0 0
MON 02/2008:	      0       0       0       0       0 0
MON 03/2008:	      0       0       0       0       0 0
MON 04/2008:	      0       0       0       0       0 0
MON 05/2008:	      0       0       0       0       0 0
MON 06/2008:	      0       0       0       0       0 0
MON 07/2008:	      0       0       0       0       0 0
MON 08/2008:	   3494    2795     158    1500     471 15316494
MON 09/2008:	   4872    2745     648    1216     399 25550492
MON 10/2007:	      0       0       0       0       0 0
MON 11/2007:	      0       0       0       0       0 0
MON 12/2007:	      0       0       0       0       0 0
checksum	   8366    5540     806    2716     870 40866984

