# WWW History 2.4
# DAILY COUNTERS for summary period 1-31 Dec 2008
DAY 01/12/2008:	    250      83     154      96      11 1266882
DAY 02/12/2008:	    158     115       1      52      19 1201803
DAY 03/12/2008:	    129      99       3      44      17 1344772
DAY 04/12/2008:	    214     154      44      47      15 2116436
DAY 05/12/2008:	     72      31      15      28      21 831716
DAY 06/12/2008:	     94      77       1      56      18 1095909
DAY 07/12/2008:	     58      34       4      19      14 404843
DAY 08/12/2008:	     48      32       2      18      15 1002101
DAY 09/12/2008:	    116      93       7      66      18 1116606
DAY 10/12/2008:	    158     136       3      66      19 1666293
DAY 11/12/2008:	     55      41       2      17      11 482313
DAY 12/12/2008:	     33      21       2      11      10 471140
DAY 13/12/2008:	     26      11       2      12      12 93669
DAY 14/12/2008:	     51      34       2      32      15 587551
DAY 15/12/2008:	     65      44      12      24      15 1068120
DAY 16/12/2008:	     35      17       4      20      13 165847
DAY 17/12/2008:	     93      72       0      25      14 894582
DAY 18/12/2008:	     56      44       2      15      10 839874
DAY 19/12/2008:	     64      37      10      16      11 630172
DAY 20/12/2008:	    112      89       3      36      11 1318670
DAY 21/12/2008:	     69      33      15      19      15 415611
DAY 22/12/2008:	     68      53       2      39      10 955653
DAY 23/12/2008:	    100      62      21      25       5 803911
DAY 24/12/2008:	     39      10       9      17      15 105701
DAY 25/12/2008:	     42      31       1      30      11 295511
DAY 26/12/2008:	     29       9       2       8      12 368714
DAY 27/12/2008:	     78      28      25      17      13 658311
DAY 28/12/2008:	    128      59      53      60      14 1302959
DAY 29/12/2008:	    116      91       4      39      15 1759728
DAY 30/12/2008:	    102      85       1      43      13 1014636
CUR 31/12/2008:	      4       3       1       4       2 25553
checksum	   2662    1728     407    1001     414 26305624

# MONTHLY COUNTERS for the last 12 months
LASTMON: 12/2008
MON 01/2008:	      0       0       0       0       0 0
MON 02/2008:	      0       0       0       0       0 0
MON 03/2008:	      0       0       0       0       0 0
MON 04/2008:	      0       0       0       0       0 0
MON 05/2008:	      0       0       0       0       0 0
MON 06/2008:	      0       0       0       0       0 0
MON 07/2008:	      0       0       0       0       0 0
MON 08/2008:	   3494    2795     158    1500     471 15316494
MON 09/2008:	   4872    2745     648    1216     399 25550492
MON 10/2008:	   3986    2478     766    1414     520 35852800
MON 11/2008:	   3366    2041     702    1287     507 28842638
MON 12/2007:	      0       0       0       0       0 0
checksum	  15718   10059    2274    5417    1897 105562424

