# WWW History 2.4
# DAILY COUNTERS for summary period 1-27 Feb 2009
DAY 01/02/2009:	     54      19       6      20      23 236478
DAY 02/02/2009:	    123      74       4      51      18 1093190
DAY 03/02/2009:	    188     123      25      49      20 1744198
DAY 04/02/2009:	    266      47      87      28      16 653804
DAY 05/02/2009:	    185      98      52      65      13 1338127
DAY 06/02/2009:	    135      64       4      29      20 896982
DAY 07/02/2009:	     81      17       8      23      25 649808
DAY 08/02/2009:	    137      79       8      56      26 951611
DAY 09/02/2009:	    116      66      12      30      20 1266868
DAY 10/02/2009:	    161     121       1      43      12 1654174
DAY 11/02/2009:	    154     105       9      71      24 1329993
DAY 12/02/2009:	    142      88      16      38      44 1178066
DAY 13/02/2009:	    129      94       1      49      17 1089362
DAY 14/02/2009:	    135      84      14      34      16 1030740
DAY 15/02/2009:	     86      58       2      48      16 861213
DAY 16/02/2009:	     46      11       5      12      12 281980
DAY 17/02/2009:	     88      49       4      24      16 508162
DAY 18/02/2009:	     84      61       5      27      14 862275
DAY 19/02/2009:	    385     147     210      65      15 1909383
DAY 20/02/2009:	     37      12       9      17       9 108723
DAY 21/02/2009:	     78      58       2      42      15 670925
DAY 22/02/2009:	     77      25      10      23      20 494120
DAY 23/02/2009:	    135      61       6      36      21 817981
DAY 24/02/2009:	    247     193      11      61      20 2059046
DAY 25/02/2009:	    108      58       2      55      20 818614
DAY 26/02/2009:	    150     108       2      59      19 1123437
CUR 27/02/2009:	      4       1       0       0       1 45197
checksum	   3531    1921     515    1055     492 25674362

# MONTHLY COUNTERS for the last 12 months
LASTMON: 02/2009
MON 01/2009:	   5789    3153    1318    1551     638 44096660
MON 02/2008:	      0       0       0       0       0 0
MON 03/2008:	      0       0       0       0       0 0
MON 04/2008:	      0       0       0       0       0 0
MON 05/2008:	      0       0       0       0       0 0
MON 06/2008:	      0       0       0       0       0 0
MON 07/2008:	      0       0       0       0       0 0
MON 08/2008:	   3494    2795     158    1500     471 15316494
MON 09/2008:	   4872    2745     648    1216     399 25550492
MON 10/2008:	   3986    2478     766    1414     520 35852800
MON 11/2008:	   3366    2041     702    1287     507 28842638
MON 12/2008:	   2785    1798     443    1043     425 27225674
checksum	  24292   15010    4035    8011    2960 176884762

