# WWW History 2.4
# DAILY COUNTERS for summary period 1-17 Mar 2009
DAY 01/03/2009:	     64      42       0      42      13 430002
DAY 02/03/2009:	    160     107      12      57      45 1489647
DAY 03/03/2009:	    155      84      12      34      27 1006327
DAY 04/03/2009:	     59      20       3      21      15 489881
DAY 05/03/2009:	     61      36       1      17      14 478920
DAY 06/03/2009:	    138      86      34      50      16 1322569
DAY 07/03/2009:	     58      43       3      11       9 787146
DAY 08/03/2009:	     95      37       2      39      11 388118
DAY 09/03/2009:	    116      79       4      27      17 925810
DAY 10/03/2009:	    122      77       2      36      18 799704
DAY 11/03/2009:	    140      88      20      40      16 1158406
DAY 12/03/2009:	    163     119       3      55      34 1561361
DAY 13/03/2009:	    120      69       0      22      24 1135272
DAY 14/03/2009:	     41      15       4      18      10 146016
DAY 15/03/2009:	     88      57       6      49      15 910337
DAY 16/03/2009:	    303     194      72      76      17 1822546
CUR 17/03/2009:	      4       2       0       1       2 131741
checksum	   1887    1155     178     595     303 14983803

# MONTHLY COUNTERS for the last 12 months
LASTMON: 03/2009
MON 01/2009:	   5789    3153    1318    1551     638 44096660
MON 02/2009:	   3722    2025     546    1135     511 26844100
MON 03/2008:	      0       0       0       0       0 0
MON 04/2008:	      0       0       0       0       0 0
MON 05/2008:	      0       0       0       0       0 0
MON 06/2008:	      0       0       0       0       0 0
MON 07/2008:	      0       0       0       0       0 0
MON 08/2008:	   3494    2795     158    1500     471 15316494
MON 09/2008:	   4872    2745     648    1216     399 25550492
MON 10/2008:	   3986    2478     766    1414     520 35852800
MON 11/2008:	   3366    2041     702    1287     507 28842638
MON 12/2008:	   2785    1798     443    1043     425 27225674
checksum	  28014   17035    4581    9146    3471 203728858

