# WWW History 2.4
# DAILY COUNTERS for summary period 1-30 Nov 2008
DAY 01/11/2008:	     65      48       0      23      17 580100
DAY 02/11/2008:	     42      29       0      11       8 263276
DAY 03/11/2008:	    259     200      33      97      22 2316140
DAY 04/11/2008:	     88      58       7      38      16 842282
DAY 05/11/2008:	    243     107      83      68      13 1181168
DAY 06/11/2008:	    181     130      17     103      27 1497432
DAY 07/11/2008:	    152     103      11      59      17 1564841
DAY 08/11/2008:	     30      17       1       8      10 227760
DAY 09/11/2008:	     33      20       1      19       7 211157
DAY 10/11/2008:	    136      83      36      48      14 1085469
DAY 11/11/2008:	    227      95     110      59      28 1422790
DAY 12/11/2008:	    193     111      65      60      11 1239717
DAY 13/11/2008:	     79      57       3      49      19 889615
DAY 14/11/2008:	    115      79       7      40      29 1188520
DAY 15/11/2008:	     92      62       3      62      22 1173030
DAY 16/11/2008:	     89      63      12      30      11 673390
DAY 17/11/2008:	     30      11       8      15      14 323439
DAY 18/11/2008:	     92      73       6      41      40 948998
DAY 19/11/2008:	    206     147      44      94      16 2102411
DAY 20/11/2008:	    163      63      87      29      13 1223744
DAY 21/11/2008:	    138     119       1      49      16 1793945
DAY 22/11/2008:	     86      67       1      67      13 903468
DAY 23/11/2008:	     27       8       0       7      12 323096
DAY 24/11/2008:	     89      58      10      39      19 933417
DAY 25/11/2008:	     80      58       3      35      19 1011488
DAY 26/11/2008:	     44      18       8      23      19 510498
DAY 27/11/2008:	    141      68      49      53      18 1196838
DAY 28/11/2008:	    142      44      87      20      10 545582
DAY 29/11/2008:	     71      29       6      22      16 533533
CUR 30/11/2008:	      0       0       0       0       0 0
checksum	   3333    2025     699    1268     496 28707136

# MONTHLY COUNTERS for the last 12 months
LASTMON: 11/2008
MON 01/2008:	      0       0       0       0       0 0
MON 02/2008:	      0       0       0       0       0 0
MON 03/2008:	      0       0       0       0       0 0
MON 04/2008:	      0       0       0       0       0 0
MON 05/2008:	      0       0       0       0       0 0
MON 06/2008:	      0       0       0       0       0 0
MON 07/2008:	      0       0       0       0       0 0
MON 08/2008:	   3494    2795     158    1500     471 15316494
MON 09/2008:	   4872    2745     648    1216     399 25550492
MON 10/2008:	   3986    2478     766    1414     520 35852800
MON 11/2007:	      0       0       0       0       0 0
MON 12/2007:	      0       0       0       0       0 0
checksum	  12352    8018    1572    4130    1390 76719784

