# WWW History 2.4
# DAILY COUNTERS for summary period 1-17 Oct 2008
DAY 01/10/2008:	     20       8       0       7       6 203849
DAY 02/10/2008:	     66      32       0      19      17 305020
DAY 03/10/2008:	    347     237      81     109      18 2507497
DAY 04/10/2008:	    143      93      28      43      14 1103790
DAY 05/10/2008:	     50      21      14      32      11 395075
DAY 06/10/2008:	     92      79       1      56      10 909490
DAY 07/10/2008:	     74      53       6      27      13 647834
DAY 08/10/2008:	     88      55      17      24       8 720491
DAY 09/10/2008:	     85      68       3      34      12 738979
DAY 10/10/2008:	    115      78      24      44      12 1250660
DAY 11/10/2008:	     60      38       2      37      11 602372
DAY 12/10/2008:	     53      35       1      18      15 1005361
DAY 13/10/2008:	    237     128      27      60      23 1528032
DAY 14/10/2008:	    180     102      29      58      16 1443926
DAY 15/10/2008:	    161     112      24      71      21 1326884
DAY 16/10/2008:	    112      89       1      32      16 1141897
CUR 17/10/2008:	      3       0       0       0       2 644
checksum	   1886    1228     258     671     225 15831801

# MONTHLY COUNTERS for the last 12 months
LASTMON: 10/2008
MON 01/2008:	      0       0       0       0       0 0
MON 02/2008:	      0       0       0       0       0 0
MON 03/2008:	      0       0       0       0       0 0
MON 04/2008:	      0       0       0       0       0 0
MON 05/2008:	      0       0       0       0       0 0
MON 06/2008:	      0       0       0       0       0 0
MON 07/2008:	      0       0       0       0       0 0
MON 08/2008:	   3494    2795     158    1500     471 15316494
MON 09/2008:	   4872    2745     648    1216     399 25550492
MON 10/2007:	      0       0       0       0       0 0
MON 11/2007:	      0       0       0       0       0 0
MON 12/2007:	      0       0       0       0       0 0
checksum	   8366    5540     806    2716     870 40866984

