# WWW History 2.4
# DAILY COUNTERS for summary period 1-18 Apr 2009
DAY 01/04/2009:	     61      15      22      15      17 498046
DAY 02/04/2009:	    257      96     116      41      20 1338333
DAY 03/04/2009:	     51      11       2       8      12 728007
DAY 04/04/2009:	     89      52       0      18      17 1214554
DAY 05/04/2009:	    101      67      10      52      17 1197282
DAY 06/04/2009:	    160     105      29      59      13 1783916
DAY 07/04/2009:	    115      67      21      36      15 738503
DAY 08/04/2009:	    155     117       0      66      20 1680906
DAY 09/04/2009:	    117      59       9      20      19 1444791
DAY 10/04/2009:	     41      16       1       8       9 198229
DAY 11/04/2009:	     46      14       1      13      15 355170
DAY 12/04/2009:	     48      13       2      13      11 332083
DAY 13/04/2009:	     99      54       2      43      21 872687
DAY 14/04/2009:	    104      35       0      12      17 412058
DAY 15/04/2009:	    131      85       0      28      19 961769
DAY 16/04/2009:	    183     133      20      53      16 1431809
DAY 17/04/2009:	    145     105      23      57      21 1512805
CUR 18/04/2009:	      0       0       0       0       0 0
checksum	   1903    1044     258     542     279 16700948

# MONTHLY COUNTERS for the last 12 months
LASTMON: 04/2009
MON 01/2009:	   5789    3153    1318    1551     638 44096660
MON 02/2009:	   3722    2025     546    1135     511 26844100
MON 03/2009:	   4174    2544     586    1182     567 33766064
MON 04/2008:	      0       0       0       0       0 0
MON 05/2008:	      0       0       0       0       0 0
MON 06/2008:	      0       0       0       0       0 0
MON 07/2008:	      0       0       0       0       0 0
MON 08/2008:	   3494    2795     158    1500     471 15316494
MON 09/2008:	   4872    2745     648    1216     399 25550492
MON 10/2008:	   3986    2478     766    1414     520 35852800
MON 11/2008:	   3366    2041     702    1287     507 28842638
MON 12/2008:	   2785    1798     443    1043     425 27225674
checksum	  32188   19579    5167   10328    4038 237494922

